Id,SalePrice
1461,118371.54534778022
1462,163607.86845209915
1463,170133.1283654985
1464,186485.34540416836
1465,215732.74796003802
1466,178738.90798780438
1467,171980.37970583607
1468,170141.38891105377
1469,212339.3126875651
1470,102659.38614288974
1471,210296.65306398948
1472,114863.6925070316
1473,106822.3208179425
1474,159562.9427480772
1475,142748.604900816
1476,331753.8099844055
1477,270023.30248203455
1478,295638.9648747726
1479,288741.6162076711
1480,406800.04252521764
1481,307454.032343321
1482,232746.22473396198
1483,190013.38168051513
1484,190959.6777173765
1485,173080.15417162003
1486,210883.68820645846
1487,323136.6364738697
1488,272889.0683511945
1489,208322.42787337932
1490,207655.4607237517
1491,207831.22644916922
1492,97348.9997922068
1493,188023.01732437802
1494,289537.13615866355
1495,286808.0491064878
1496,226422.91479671723
1497,212392.4204821582
1498,171244.2567192472
1499,171552.47415315988
1500,156080.49883850804
1501,174072.43207228323
1502,161356.41056941473
1503,275492.7076353403
1504,243636.8291100117
1505,228343.32185194292
1506,220288.40697330819
1507,256000.3333047724
1508,199678.0224851186
1509,175148.17386049707
1510,151787.24861797318
1511,149983.25578135555
1512,169934.09684117278
1513,164590.8901913066
1514,174085.09719082457
1515,218357.79170464166
1516,149556.58667670004
1517,160002.74943989352
1518,175905.89718805416
1519,230560.0692752283
1520,127784.84697694913
1521,134174.10620118724
1522,187106.50564417685
1523,104483.96069103549
1524,109149.99400870758
1525,108105.14620380127
1526,110159.5155019639
1527,96326.7617425581
1528,145896.01344476058
1529,142188.60817791475
1530,188823.4865255102
1531,113945.99690308166
1532,76967.00056813564
1533,159681.43563647312
1534,142273.80506340764
1535,160736.40801999532
1536,117342.81918628234
1537,51008.21695243777
1538,180081.28761244076
1539,204911.75665921345
1540,137898.22009794926
1541,163121.49251643103
1542,159419.9867077896
1543,218505.31914291298
1544,55029.95959152863
1545,111057.36107387766
1546,132262.29246896622
1547,123402.29115776019
1548,139952.65089995344
1549,110784.77956182859
1550,128983.20904006413
1551,125127.91597868432
1552,143512.39829914155
1553,139925.4829654789
1554,129664.8046345883
1555,163491.4235186451
1556,93353.00759408693
1557,113215.06641053269
1558,98524.01134589361
1559,102137.06675684056
1560,127634.71617358737
1561,157420.52053218358
1562,122839.36420579231
1563,104512.43854700169
1564,174824.3598118343
1565,143246.90326087596
1566,231189.54691672302
1567,64416.59800384869
1568,209851.95729316887
1569,110479.87590218266
1570,136567.7596154369
1571,118973.94445850188
1572,142978.7786323151
1573,244652.47372590215
1574,144894.88697941718
1575,221580.93688896182
1576,223713.98909075535
1577,207178.488345464
1578,136314.68231754634
1579,143708.12593492586
1580,208763.10318212188
1581,135589.2855307383
1582,119871.92820431688
1583,308551.0244710997
1584,242229.08814141108
1585,151944.1562843041
1586,29166.411247198237
1587,90060.1623316803
1588,139606.92964912276
1589,96442.4310076104
1590,149442.11538892868
1591,75917.48165793717
1592,125357.17854095809
1593,115554.76941160741
1594,124625.08484722907
1595,120723.1032386024
1596,236286.25251457794
1597,190243.5624278665
1598,191846.3205318444
1599,201767.64816655056
1600,205886.37511908985
1601,69.485057085054
1602,126615.85657763202
1603,62611.4558505516
1604,258785.36541215773
1605,259377.28437883104
1606,168801.2257644094
1607,242047.40451984946
1608,224038.35842441604
1609,202821.9072560419
1610,142946.2587988344
1611,153037.29586011497
1612,189117.68827014812
1613,179280.38725509704
1614,114857.0348363684
1615,73587.58543346333
1616,73587.58543346333
1617,89199.16074536787
1618,119793.75116333272
1619,123453.39728800394
1620,203814.7408176281
1621,147198.74566791207
1622,129673.7195227507
1623,264427.5219215248
1624,209210.36936750915
1625,124380.50486781402
1626,185091.04841554514
1627,186888.79541840078
1628,277999.6051786302
1629,184589.85730213881
1630,338827.03050362854
1631,236779.7556151296
1632,259022.15280019422
1633,169729.79383652634
1634,188692.03899336467
1635,167988.1996418431
1636,168946.8529111084
1637,184268.5816540313
1638,218590.57714615623
1639,204077.4301411719
1640,266483.70801183535
1641,200604.63472680445
1642,228116.19265795476
1643,248779.68700415269
1644,241713.29371032096
1645,184714.02690187283
1646,153415.74157369765
1647,178105.92224366753
1648,148672.96640034346
1649,126756.10949758673
1650,102731.74670419144
1651,114142.10296920314
1652,116109.18466316513
1653,116307.00729435263
1654,163432.9117325612
1655,162660.29013587162
1656,160808.43490421074
1657,164678.4038886947
1658,161431.18098227726
1659,144751.47439484182
1660,149564.3961032536
1661,352037.18719195365
1662,345698.1634624996
1663,335140.01418620604
1664,411366.6450051896
1665,304834.3487119714
1666,292718.3024576744
1667,315432.67913276656
1668,308692.91561712255
1669,277663.0017313834
1670,311414.1263976274
1671,255657.89765784936
1672,374903.8905759356
1673,280804.0674759052
1674,273725.712075399
1675,195234.02515366557
1676,194744.80415607337
1677,214375.10790218343
1678,399577.77759976615
1679,325250.4432279123
1680,308803.03711838205
1681,262092.9198023465
1682,276742.69671671954
1683,216297.2034234053
1684,189287.8885266229
1685,174361.41274738428
1686,196605.90429800632
1687,173273.29161634063
1688,206273.62584963092
1689,202911.43645278434
1690,192761.42135760188
1691,180239.43167896173
1692,255970.72645187075
1693,173080.15417162003
1694,174668.75570676127
1695,173759.74164122483
1696,267607.80727609573
1697,173793.4278361681
1698,324332.7959342082
1699,309102.0408358739
1700,241273.23719264148
1701,271455.9741509808
1702,287733.5281617411
1703,274111.0241503867
1704,283329.8916126697
1705,238960.7323846789
1706,375955.0345599316
1707,224539.48564296938
1708,224254.25915793818
1709,289203.6992439055
1710,245419.38803088968
1711,252472.22660233732
1712,281907.01059628837
1713,256436.68704761635
1714,235054.7682407496
1715,210760.93951072567
1716,214569.26662291097
1717,203159.0654371851
1718,159913.01008015103
1719,216892.2079181457
1720,262524.02443768294
1721,202687.6621978553
1722,137812.01545533235
1723,155376.9899245093
1724,239371.8729503171
1725,235690.66129348776
1726,187378.83885068633
1727,185488.61656855675
1728,191701.2200100585
1729,156753.27458970854
1730,166835.51436317433
1731,121094.06056602602
1732,120309.97938450682
1733,105738.754051422
1734,107656.69279962173
1735,116939.44110478647
1736,104812.59972300404
1737,298049.22564768954
1738,217768.85273222113
1739,320349.2277217738
1740,236257.44800231233
1741,199587.8514911933
1742,173957.35208309116
1743,187708.76453809603
1744,261684.02909905906
1745,249068.50563510763
1746,249172.3360098435
1747,224265.22725341842
1748,240816.47029362503
1749,151826.6644960679
1750,159948.76643860014
1751,250890.15874079103
1752,105098.86407046602
1753,184162.21132866316
1754,226671.97151996545
1755,167669.67088184576
1756,93327.4004958754
1757,99980.13399438956
1758,144787.24895103718
1759,164592.2313805907
1760,171294.68023469485
1761,157522.2271319274
1762,174610.315145388
1763,184560.87721900665
1764,107768.95331923733
1765,217389.41787702357
1766,178834.32406870415
1767,206338.7611285625
1768,126082.03430031706
1769,191585.7275745354
1770,130905.92959005246
1771,131635.36107833404
1772,150449.65104356455
1773,113245.71468393109
1774,199138.928849024
1775,134105.3476598845
1776,114334.16270262934
1777,83316.28566177306
1778,125863.66853768239
1779,101734.57486323616
1780,184744.9442446297
1781,125717.3515697848
1782,58381.13568874542
1783,136166.1386757968
1784,69974.93635338987
1785,105575.91759517626
1786,172510.08093372965
1787,177757.02891511354
1788,-9841.610067276284
1789,92664.13624166301
1790,37989.850122067844
1791,255897.6348488368
1792,173561.04352847626
1793,150862.1105326831
1794,151527.15641291672
1795,140502.1777414903
1796,115250.01611113106
1797,149295.54799454706
1798,116560.34418649995
1799,80080.41525876545
1800,109629.64990483131
1801,114978.66359069035
1802,177020.83864741772
1803,184273.24893645663
1804,132679.54347985308
1805,136894.5984485969
1806,148059.45050954842
1807,161007.07633680804
1808,112841.73978702421
1809,93617.38800173905
1810,132985.10460887174
1811,82828.18248884054
1812,97553.43020886998
1813,123214.40496715321
1814,70696.40331800468
1815,-7476.328041287605
1816,72520.00663869292
1817,102467.68740093056
1818,156838.61796489917
1819,133051.97913842392
1820,37777.881043805275
1821,139940.20075753657
1822,169387.43823577068
1823,3113.177254952956
1824,143652.46149434266
1825,116113.27649569791
1826,89302.14984192699
1827,111965.9924475206
1828,122962.34320457256
1829,155456.68580721528
1830,163838.839076075
1831,178193.43996638968
1832,140401.70242198766
1833,153584.27921762667
1834,138555.12571917544
1835,168195.433877412
1836,167689.45505817933
1837,54581.53202584968
1838,130506.12727690791
1839,67270.15466887248
1840,113974.77596312226
1841,127606.15145639866
1842,79111.39773375937
1843,136043.9605686271
1844,138901.6725005943
1845,135476.84854514478
1846,156228.99563263124
1847,178532.0250970535
1848,-17085.27654120233
1849,96452.62069610716
1850,119948.40061845584
1851,149591.04333045962
1852,117282.0924706615
1853,121483.87538763019
1854,184352.17503629695
1855,166791.56349312514
1856,223921.79150474374
1857,145538.9555655932
1858,172640.53524830635
1859,125870.31996643404
1860,172378.09559743525
1861,124407.07148511079
1862,282793.6656764792
1863,282793.6656764792
1864,282793.6656764792
1865,317305.85622495506
1866,303771.77711351844
1867,262665.4163189528
1868,281607.00906201266
1869,213404.04730725172
1870,238097.7989906266
1871,262146.4336264811
1872,170386.40420335368
1873,228954.15703589213
1874,138794.37017301773
1875,220910.2729706366
1876,196947.58013368095
1877,222196.1285731648
1878,228130.8601285033
1879,117276.55002351012
1880,126634.88409825624
1881,265077.2577504073
1882,268021.3780085852
1883,212771.36802139413
1884,226802.48604246625
1885,242367.89075193205
1886,277270.22013415466
1887,215303.2583100379
1888,271457.1867924861
1889,165691.87986544427
1890,118309.03092267527
1891,162248.31872048276
1892,83732.1195329579
1893,131153.90693842177
1894,155234.07921442878
1895,154166.99330941192
1896,109943.47664904688
1897,110654.47846633638
1898,113706.67276357999
1899,149062.30584864574
1900,139313.56458913954
1901,139720.10213482613
1902,141160.30223389785
1903,222484.56052355794
1904,124398.10045508225
1905,186639.39128763764
1906,145337.9391699948
1907,212485.83696561423
1908,135446.5349548699
1909,152662.49306502473
1910,148963.88385807234
1911,192386.4404726911
1912,287571.82202615845
1913,167256.5305568243
1914,35875.48228787305
1915,259381.91003506142
1916,-4700.281194796553
1917,266850.91348663974
1918,135876.61870986596
1919,172771.41297949525
1920,198074.7875429485
1921,338033.1720872368
1922,297149.6875618971
1923,215665.13164998242
1924,223261.98154946254
1925,232604.70550824516
1926,331169.5049689298
1927,122589.81974593597
1928,162814.16351686744
1929,102169.35542620649
1930,143449.8446503242
1931,138846.11823357572
1932,143916.48318746593
1933,171847.17568827956
1934,186170.8167600145
1935,165218.7258794792
1936,186553.72612993955
1937,183781.9407513407
1938,170870.07471244014
1939,270010.83689022926
1940,215732.74796003802
1941,188056.78377369256
1942,182659.107075467
1943,218017.15555321542
1944,289144.7564036604
1945,311424.5523524815
1946,190393.70011053444
1947,287457.7568487199
1948,182569.32256389386
1949,236326.59625239554
1950,193554.45593150123
1951,268184.6939824349
1952,241262.93468023418
1953,161798.84907373576
1954,218531.43212086614
1955,136443.0058059767
1956,321569.72561541386
1957,185218.37059850642
1958,291769.92869051103
1959,163660.87041305122
1960,94705.16849561408
1961,121203.743555021
1962,116109.18466316513
1963,118495.1905190309
1964,110978.15641986276
1965,160361.82999498118
1966,163840.3128884323
1967,273505.9841816514
1968,351046.7741597763
1969,321073.87941243546
1970,367134.1792327799
1971,392497.9018304348
1972,329559.97617888683
1973,267736.1778534858
1974,291744.9111757942
1975,403995.044382144
1976,265630.1341993634
1977,322135.2910329951
1978,339006.66879208875
1979,318705.3036925215
1980,213976.48989395634
1981,314517.42376512894
1982,232532.11821934837
1983,232532.11821934837
1984,202243.30220824853
1985,230213.3547810486
1986,239099.45276553952
1987,198218.22343114624
1988,177078.97802703874
1989,207779.61839860957
1990,225021.81868996937
1991,214375.10790218343
1992,223760.52671897085
1993,184346.53013251093
1994,248783.82309983927
1995,203368.491974473
1996,267900.579467783
1997,310950.0095875943
1998,310094.061103225
1999,243238.18152823602
2000,299475.9914794122
2001,257744.35863857483
2002,245644.93790634116
2003,266547.226562758
2004,263504.6250733421
2005,241849.82039161236
2006,237136.86566275032
2007,272870.5329932554
2008,199990.35803811182
2009,193515.0258882076
2010,207708.53961326997
2011,162646.23551998683
2012,194842.36242684466
2013,179454.02426201454
2014,186493.38266635942
2015,201574.9831897067
2016,193751.46285750484
2017,205748.10581510793
2018,116979.1054530018
2019,119232.94875369477
2020,108165.24460318242
2021,101377.02669431735
2022,183074.60847381875
2023,158164.44975121995
2024,248135.5641179427
2025,349457.3813127114
2026,201487.61667466396
2027,154132.83201374323
2028,190142.6170314243
2029,175301.20767053426
2030,272932.3072310558
2031,254486.9421294541
2032,266774.94134026277
2033,264988.39173028176
2034,182758.06720875786
2035,216678.0792640287
2036,223561.76290222094
2037,225073.24931094167
2038,322697.53878560266
2039,223120.11216296814
2040,330450.407980714
2041,236738.76512027392
2042,219800.11714750878
2043,180872.31169583998
2044,222281.3056758719
2045,218865.43010422424
2046,179203.77227327856
2047,144783.53386004292
2048,135424.41909981752
2049,192801.7832655136
2050,198033.99762174534
2051,78519.0827184713
2052,135513.98651165306
2053,136750.76453475794
2054,51533.62074043881
2055,155347.73567460408
2056,132262.68902914412
2057,113450.7303569545
2058,206769.99284780817
2059,129267.42689558165
2060,158002.72284074244
2061,190680.69696349208
2062,125145.8373413994
2063,89664.29302816978
2064,140743.66287304228
2065,113624.94583240245
2066,184205.260354575
2067,127018.8632761105
2068,194086.8369199438
2069,50520.335138539085
2070,97823.60566764395
2071,71162.52964622783
2072,177190.63121154415
2073,125903.97000691481
2074,203867.76272299886
2075,153339.39112976263
2076,109939.77395038912
2077,139102.21565790172
2078,117832.83636370697
2079,136927.86494913977
2080,123981.49810812273
2081,135807.90331247216
2082,168587.58293038583
2083,151586.86318247323
2084,94316.72499677073
2085,126191.05941605777
2086,144467.92121926346
2087,142870.73338936712
2088,119698.79753428604
2089,70281.92268374073
2090,146614.15531344526
2091,92793.46132968762
2092,128071.36887915409
2093,135651.67028334294
2094,135814.5327129513
2095,154415.53142034542
2096,67892.2188609892
2097,79389.36706623877
2098,159535.8378435499
2099,-6392.121924385661
2100,79851.44687794824
2101,135124.41217690008
2102,149293.77011530567
2103,85366.62985609123
2104,178541.36894510244
2105,111645.00181177165
2106,45930.63862096821
2107,233929.24955952144
2108,111889.65356142935
2109,111697.33394498588
2110,120213.60543401074
2111,169764.23422848363
2112,134354.2374983749
2113,119840.3904826648
2114,121413.80861262232
2115,170399.0810357479
2116,117676.55010387232
2117,159636.55016136053
2118,119069.62943546195
2119,113831.11361187021
2120,108774.59170372318
2121,80383.1082413122
2122,79130.05772688473
2123,69856.81348940008
2124,196796.70607822225
2125,159410.81740520732
2126,174118.43132697768
2127,180978.90421811095
2128,137240.59676100174
2129,105392.16881003464
2130,148177.9719098492
2131,188549.55065602693
2132,114967.51661066874
2133,139771.8052751415
2134,113557.92524716374
2135,88307.78445681627
2136,38156.35281450045
2137,123070.18003073242
2138,129550.80883802823
2139,160526.2008837096
2140,129014.26755457604
2141,138820.34427906782
2142,124520.36206439044
2143,150748.07790469937
2144,125417.24000233691
2145,124168.98840290401
2146,156744.05197117128
2147,166363.07266771514
2148,137250.23483900796
2149,139317.05056122947
2150,213276.65110964188
2151,127847.25749175088
2152,160616.6885951406
2153,162719.30850261846
2154,94710.72011501179
2155,144003.59826950287
2156,267740.88669228624
2157,233869.9613913477
2158,233208.40560094477
2159,223232.21304249135
2160,183592.51517641894
2161,275379.2971842778
2162,375837.35977791646
2163,308803.40258155135
2164,252056.7742040765
2165,182568.58286451665
2166,146390.76147744013
2167,216779.291383669
2168,197234.07858936884
2169,204294.70370343537
2170,223739.19378707372
2171,144540.3300107182
2172,144734.8791023919
2173,162227.9056031152
2174,255840.863080333
2175,293331.4047001279
2176,284073.5279374507
2177,261928.64129396458
2178,232503.35852337
2179,152451.82237317855
2180,251119.2675839637
2181,220616.26645406685
2182,250643.90246205102
2183,218607.14477745956
2184,125578.14774045837
2185,119855.49826628412
2186,165101.22692138795
2187,163970.66177723976
2188,168384.2169956034
2189,273812.2082378792
2190,44519.75361251738
2191,44519.75361251738
2192,56466.86806955305
2193,92177.27374378056
2194,79870.6963546793
2195,83570.49519767286
2196,87217.68803763087
2197,110593.28185429727
2198,159491.84336640523
2199,170522.65162363625
2200,123805.1203335675
2201,137652.94011916523
2202,173771.4531610012
2203,157809.84894698113
2204,158858.36368892458
2205,118381.76449411688
2206,136607.11038748315
2207,215126.6402579127
2208,222727.9337269778
2209,200578.13459650078
2210,135788.43858372583
2211,120247.07068349072
2212,131292.1560109486
2213,88925.45104707172
2214,144133.06883293088
2215,95664.33453138056
2216,164790.87380633433
2217,-2179.2192420857027
2218,60635.14713971224
2219,67685.31662260299
2220,51061.03942088899
2221,260852.0956391422
2222,239465.92903531413
2223,272432.30178433866
2224,231635.227676037
2225,140665.2239087422
2226,181594.99213482742
2227,209068.0348878603
2228,264218.233897493
2229,242361.36832951033
2230,141374.26260339585
2231,216741.14405368222
2232,197524.1926959469
2233,176492.65214965888
2234,237097.17245304747
2235,221296.80687796907
2236,275351.58405211475
2237,310036.2053636613
2238,226682.62837136188
2239,137689.97921362962
2240,170103.80977502395
2241,146412.80381383793
2242,138644.4452792809
2243,125942.4828672267
2244,93571.18030722323
2245,81189.90408458258
2246,131794.50412708824
2247,109815.78737319773
2248,108542.77608501795
2249,118117.32486069552
2250,127931.79153874656
2251,119708.1550046287
2252,198304.87654066388
2253,151194.89016958955
2254,169190.76570110605
2255,193164.79361496237
2256,188484.6248954297
2257,218262.70648995158
2258,185514.58640382113
2259,182290.02550882893
2260,163423.35809181049
2261,201903.41745393048
2262,228383.88601697725
2263,292523.0220906723
2264,383735.3579385686
2265,184836.30290782778
2266,277074.7127613516
2267,337346.6715231284
2268,338649.32919432386
2269,174560.31234052056
2270,185298.52393064345
2271,230611.898956517
2272,208473.55732112168
2273,163783.29331617942
2274,181313.4616857965
2275,189349.83214816242
2276,191844.89107592334
2277,194540.14358177362
2278,166085.62533249147
2279,123707.02033106657
2280,86924.36141851521
2281,191466.9347258855
2282,191886.22156074713
2283,124002.40342524555
2284,137503.37590925326
2285,155934.79389756988
2286,118423.75896351598
2287,307429.8537145618
2288,282631.67935200664
2289,327768.81838354585
2290,372473.05293546314
2291,301567.418409663
2292,351692.0090400402
2293,388662.07124175597
2294,360203.2814745812
2295,389649.8998425298
2296,295835.025901973
2297,271748.43398791365
2298,310446.80558368005
2299,356514.3699749063
2300,302013.7942022737
2301,253846.66348047554
2302,256972.1907733006
2303,269467.2287806708
2304,274382.28902174067
2305,205884.7947943709
2306,205884.7947943709
2307,195118.65786389192
2308,255896.70996273053
2309,273251.87971264985
2310,230437.47285037977
2311,216297.2034234053
2312,171772.11117190705
2313,178120.37959832093
2314,187257.77547626616
2315,176309.93910662225
2316,190717.61348593282
2317,188775.87843210413
2318,177920.55653193523
2319,190760.20432242053
2320,203259.1640384423
2321,256316.9216236791
2322,201915.86157748057
2323,178030.27179243648
2324,173195.2341608121
2325,231498.601019443
2326,173695.5062657087
2327,222729.39484160068
2328,225219.62972551654
2329,191470.0774322471
2330,190179.81373833353
2331,332171.5488258756
2332,363438.5227257358
2333,312819.0047010381
2334,264491.7916233933
2335,262365.809276934
2336,312125.4194798542
2337,219442.42796283937
2338,267608.9751038428
2339,248810.30111357803
2340,353593.4662121197
2341,220074.40136790578
2342,248911.88603894296
2343,234229.95261660474
2344,241181.40937735164
2345,273775.22235912085
2346,234090.80029644328
2347,214842.90454398142
2348,241520.18322496
2349,157129.5691040766
2350,263540.1987750889
2351,258041.2069394684
2352,274430.39612083347
2353,262213.05503925704
2354,155825.5318686536
2355,177519.06306316773
2356,164381.49464642303
2357,228509.83174382243
2358,195648.32547397888
2359,143270.59055859107
2360,114166.94329135166
2361,140563.74060322833
2362,266978.50625902694
2363,135283.9365466251
2364,167903.09305614815
2365,234209.36087055784
2366,210877.1419509712
2367,250251.1346755724
2368,212688.25693892292
2369,252308.0174962089
2370,172550.8785852585
2371,177572.32799823978
2372,213738.81873567635
2373,259500.1350985826
2374,299774.6448014884
2375,248557.19526692876
2376,287723.0741865153
2377,334528.99111499125
2378,152534.21509089135
2379,225901.21703068004
2380,152707.85204256396
2381,178433.7231092183
2382,207546.9041093504
2383,228622.0937835113
2384,237213.332189583
2385,144646.73906518123
2386,139196.26747896406
2387,131920.45014166017
2388,87027.25194594287
2389,120772.77997457283
2390,131924.6215687152
2391,132012.47789375763
2392,103717.02141575841
2393,170759.83323847526
2394,137342.99121496384
2395,206073.81115641748
2396,163049.27807642706
2397,215543.278364643
2398,118407.16770781018
2399,22534.744755584514
2400,10696.277546062134
2401,106744.74434270454
2402,122947.8788530936
2403,189739.29188125324
2404,127636.79097769852
2405,168724.394357712
2406,136798.98912658333
2407,112518.39922982873
2408,139060.43033249606
2409,129464.1692122044
2410,202836.3629774407
2411,104490.90962899174
2412,151463.51582117216
2413,133381.07057290245
2414,132939.8671089774
2415,168393.55996133108
2416,129881.88230243349
2417,131162.42820965103
2418,116737.46061240463
2419,132401.1967926158
2420,106281.2958150804
2421,137519.5633883318
2422,105520.07186382101
2423,91249.8395333928
2424,178618.33380197175
2425,250306.75350630376
2426,118042.67616133997
2427,110334.73205944337
2428,179416.2089570954
2429,102330.09584487486
2430,131483.93989453744
2431,121041.05124487216
2432,130371.88845724915
2433,130867.45368803409
2434,138779.99250399298
2435,153101.3418148239
2436,76956.6698533229
2437,101369.70714819105
2438,107115.96862883796
2439,115750.70993043063
2440,143005.67583956127
2441,96894.79969840357
2442,103114.22850269335
2443,110246.49396354333
2444,119819.10682938667
2445,64298.92890111008
2446,118904.55496588117
2447,209533.26887193904
2448,148294.36490357202
2449,103060.61812411994
2450,159392.18675212027
2451,126989.98273376143
2452,216011.81532224105
2453,59683.41562933684
2454,90133.13761933963
2455,108363.07705167611
2456,129137.53948521591
2457,109751.24372665142
2458,115854.03736340092
2459,90575.57945771259
2460,151776.77793027158
2461,111084.97652370785
2462,135400.83540549222
2463,114674.40119988495
2464,198921.92505052383
2465,141932.1090834064
2466,123859.15076192329
2467,165009.78561993432
2468,75316.39224891551
2469,100392.04999254341
2470,199098.30980285327
2471,214102.3160672963
2472,207018.8599478344
2473,103251.67663879646
2474,84065.48442133679
2475,235217.64320570393
2476,115230.89237293764
2477,113562.03987657535
2478,179063.45391013706
2479,108339.06637462089
2480,129790.99136075773
2481,120417.35592807434
2482,124298.4685954838
2483,106668.16187344608
2484,124912.05553921289
2485,109457.57689706422
2486,157980.4828321475
2487,196422.78842547582
2488,157431.68555311463
2489,170718.78346108017
2490,142005.7396897436
2491,65367.83096106583
2492,190004.80459488183
2493,129342.05033232528
2494,159405.0703211571
2495,88812.38679610542
2496,234760.02181841386
2497,164514.26405299618
2498,102583.7909281042
2499,69575.57469481858
2500,120323.78870154708
2501,140890.012753563
2502,150957.7493124141
2503,87880.25586086372
2504,199305.14237703965
2505,221413.2457826014
2506,278895.4176174123
2507,328309.70752168284
2508,278895.4176174123
2509,247419.8532620254
2510,251899.37148272735
2511,206025.4601932692
2512,221667.08189969137
2513,218897.26159355696
2514,249050.07139831525
2515,157169.40282312222
2516,160378.87896886677
2517,136879.7098514242
2518,144004.5720809386
2519,227313.56429802487
2520,212306.31111830682
2521,209339.70903485827
2522,222239.08347353665
2523,120417.43127494818
2524,122051.17293160781
2525,127998.25901469053
2526,148288.25780473673
2527,114442.3654890696
2528,120042.50793393096
2529,130456.57778264373
2530,104705.2688569487
2531,244731.9603144403
2532,233371.87493369495
2533,213681.06867358275
2534,246550.73115497874
2535,300351.70586103713
2536,232362.86794799962
2537,236623.0496608296
2538,197522.58467105054
2539,198821.3339171128
2540,191779.15371104586
2541,195434.37175591174
2542,159962.91139164544
2543,114591.2019492609
2544,118573.88703874592
2545,129949.4568311146
2546,165038.03302526614
2547,155870.31167849596
2548,168322.44785412308
2549,154553.6461197168
2550,668220.6748362973
2551,161940.10128657008
2552,124901.57493164041
2553,44519.75361251738
2554,100205.27369949198
2555,105635.03752205335
2556,71604.15032215859
2557,91749.4181146808
2558,177714.16577875358
2559,139504.47313918034
2560,124013.89516353607
2561,134278.6244079587
2562,124120.27743014134
2563,141330.74492986733
2564,176758.99846907845
2565,98755.78440799261
2566,129764.54553351458
2567,115388.28292093449
2568,201529.8423986144
2569,187534.42446156684
2570,136653.0854135987
2571,190611.98334432603
2572,197890.9651064875
2573,230390.97720871423
2574,281844.4641261974
2575,141939.87770301756
2576,122104.3406613092
2577,156370.53579028905
2578,73693.21394845354
2579,4039.757828495698
2580,137875.07781695924
2581,127505.95415996131
2582,110735.93716899143
2583,256920.98075749143
2584,163385.47294103564
2585,190758.14002106222
2586,230181.3615650644
2587,216549.1229750556
2588,150504.18515710928
2589,153524.80325894128
2590,216908.27417688654
2591,212650.6840330048
2592,245236.0357261859
2593,252334.36736770812
2594,191240.07030246267
2595,221843.6102657998
2596,296738.26528077223
2597,205918.6695314392
2598,255477.0411181876
2599,333945.70799698983
2600,149365.3623889638
2601,168345.0028016481
2602,88070.87877014303
2603,81813.67075027921
2604,73587.58543346333
2605,91805.22504682699
2606,139821.5308771655
2607,175436.73234190186
2608,197273.91417467268
2609,149854.0684054431
2610,85586.08803728083
2611,155040.60925632552
2612,158506.926906541
2613,108542.77608501795
2614,116394.7384642763
2615,152049.3230998132
2616,131487.70254151733
2617,217239.0365598707
2618,191845.3449755353
2619,240575.04129914613
2620,174395.7635452717
2621,180766.7774308063
2622,189767.5745919093
2623,261057.46670094924
2624,291484.36191468337
2625,334846.44364979095
2626,166213.57425999222
2627,203112.20439083735
2628,333958.1929307722
2629,394242.1369172374
2630,313985.34398516663
2631,378450.96248447313
2632,332846.3296027065
2633,285356.7141519224
2634,322506.6897104883
2635,164751.6423453458
2636,207698.56718158186
2637,181256.20669413032
2638,253881.99116344913
2639,178503.5589932867
2640,149868.97967015207
2641,104019.60572831426
2642,203432.82385271764
2643,134607.5466636005
2644,142583.26626023627
2645,118526.77725811955
2646,113251.79620331177
2647,123379.65734717879
2648,146135.01390902372
2649,144640.84769619047
2650,154492.89353071805
2651,160869.49608385563
2652,352906.14015776804
2653,274240.7627562308
2654,269148.0741665547
2655,324648.3630858001
2656,298093.3307733359
2657,303163.0315499592
2658,279614.2312764176
2659,289353.76510807313
2660,310991.8710236936
2661,311828.34674303303
2662,306402.97914292384
2663,278714.5336127917
2664,271623.73134392896
2665,300733.8503346096
2666,283083.61346134613
2667,171746.85518777277
2668,194102.3743007474
2669,190732.0486627093
2670,285933.1245719134
2671,194102.3743007474
2672,207980.75386998383
2673,218663.16158739617
2674,222159.62388810632
2675,190449.98217270314
2676,203498.55256181513
2677,205546.2429336575
2678,254201.4570155386
2679,267547.7862547303
2680,284534.0594652849
2681,353926.4602318874
2682,315738.44641379546
2683,392337.37150427373
2684,302607.0274205543
2685,317916.5693014669
2686,264955.30508567276
2687,282288.1841432571
2688,247049.21767470753
2689,226919.549365266
2690,356005.8631956435
2691,199367.17688417598
2692,158947.82021594606
2693,221936.1916581618
2694,158279.4116787389
2695,211765.69308114587
2696,201363.60817995458
2697,207604.08374391566
2698,186358.90537363174
2699,192038.85233042878
2700,172406.8145802666
2701,155510.11401045998
2702,129661.74981272849
2703,151605.14897445543
2704,151122.2254262662
2705,115694.5107556011
2706,108688.41650599963
2707,119130.26732492354
2708,119595.9698855097
2709,92854.48106147721
2710,111086.01072078221
2711,290252.7104352289
2712,326711.898473863
2713,205552.78302474576
2714,172447.84705768642
2715,174755.48761835857
2716,161356.41056941473
2717,190893.75402267464
2718,252326.64809400425
2719,139730.41249761824
2720,186912.76849547517
2721,135547.88050755346
2722,171268.07479527127
2723,156819.34919338976
2724,107561.96347933589
2725,121509.0618883865
2726,141457.81795895495
2727,178484.219680693
2728,176148.98366954247
2729,140755.91894860868
2730,138076.2346926923
2731,99988.3792658574
2732,106563.06032492663
2733,170042.305568574
2734,162945.75769726164
2735,123968.03363160323
2736,144592.37952092872
2737,108159.7367802253
2738,177132.36656082328
2739,168105.12340269587
2740,143370.65620239987
2741,143203.1785393334
2742,167984.85277031618
2743,137958.70006329357
2744,155131.01440259814
2745,146716.30367142358
2746,124559.01390792895
2747,146658.01260558888
2748,115930.22824329394
2749,112596.75523239444
2750,116385.93807549309
2751,107897.46887535858
2752,237447.90045160498
2753,176317.14618733595
2754,266322.9220966024
2755,151025.33901393414
2756,55273.281399330124
2757,53791.72987364745
2758,48935.706629159395
2759,137042.81754227844
2760,139777.40754531813
2761,145881.86875821394
2762,157081.8062374061
2763,201260.49990051077
2764,147450.43890528497
2765,255354.14011353813
2766,126096.97653084365
2767,38958.9313488116
2768,143518.65375428717
2769,129041.25385011476
2770,167734.99831558065
2771,102805.70238938625
2772,102823.78649763926
2773,162714.5468418419
2774,152331.20917892642
2775,129114.22269724542
2776,150684.53222476947
2777,161685.94163860637
2778,112927.59641886014
2779,130753.96009038645
2780,119762.9225496042
2781,81381.76987462095
2782,74620.45423937682
2783,65438.13070407277
2784,120767.42195958435
2785,134080.58955302904
2786,8713.357237941818
2787,128382.68867971352
2788,43501.25598583906
2789,218978.02715707407
2790,71112.34312023968
2791,124276.79761229339
2792,48976.105431229575
2793,172424.57871718123
2794,62162.010011482984
2795,115615.813816129
2796,78282.65980913956
2797,246553.30630291835
2798,87678.28152763331
2799,111019.71416495903
2800,58084.057683569845
2801,117958.69673770154
2802,126617.6525263132
2803,228952.60528548132
2804,125463.57211933401
2805,71022.54735046113
2806,85365.26139342948
2807,171220.31516099558
2808,137035.90109183663
2809,128012.42163723032
2810,123055.21784300567
2811,166475.67194954446
2812,159743.4306009477
2813,224131.29079154506
2814,222550.0050338027
2815,87470.30759531679
2816,249663.21789595787
2817,129569.96008772077
2818,115121.02554455493
2819,177002.39615013986
2820,126117.34677887545
2821,102455.35804998619
2822,184166.22747657634
2823,322394.09541653143
2824,179229.45584804076
2825,137993.53269603034
2826,129636.46680941712
2827,163239.22146293405
2828,238728.46289502224
2829,217069.14948699903
2830,258122.7658332109
2831,203256.5501746973
2832,244452.64443409722
2833,267430.15860992135
2834,227404.2962481759
2835,241750.84437744715
2836,206950.46008025506
2837,176469.03394660703
2838,156296.74928624416
2839,172634.8485049291
2840,218916.82397779194
2841,211409.5853735318
2842,220307.5700849269
2843,151659.30122224893
2844,172497.7535003582
2845,107699.73901751614
2846,216185.01774709742
2847,194204.10742420843
2848,237354.72215723875
2849,224168.77770043118
2850,275358.30074761645
2851,234853.45176155842
2852,236655.1824522477
2853,230432.07384533738
2854,151944.1562843041
2855,217214.34778005257
2856,217483.76696657226
2857,206510.70412975107
2858,211823.5079716579
2859,106253.57170273317
2860,115080.50443972694
2861,138950.24451941182
2862,214378.1958131427
2863,134336.4148151779
2864,259596.1770139786
2865,162248.31872048276
2866,212855.97370608058
2867,68485.02554684947
2868,128512.58141712146
2869,123856.21866715234
2870,131386.89407160482
2871,85381.79994605435
2872,-6137.755936581874
2873,93146.6195914906
2874,124903.68117189128
2875,139362.40349033964
2876,163530.81177713047
2877,132200.94830740127
2878,162174.76125008543
2879,117522.00360197504
2880,111951.47144269175
2881,141829.30054528103
2882,147439.06708619068
2883,175975.30170517717
2884,191659.0450280665
2885,166022.86987535586
2886,185921.20683404128
2887,99795.03798609879
2888,140145.2294133103
2889,26518.041550729657
2890,45185.162166683935
2891,156977.66182938917
2892,4724.196271039313
2893,94846.3477236291
2894,13239.881230533822
2895,266474.46275408287
2896,258785.36541215773
2897,208686.82154606748
2898,213762.6037994807
2899,241961.48207356548
2900,160683.3657661283
2901,206507.46278669848
2902,195272.45609208033
2903,296073.965959206
2904,308430.6443634406
2905,43086.53896462871
2906,226137.53870794573
2907,115432.65498198266
2908,116353.7645722793
2909,204765.3050578921
2910,50409.09580699541
2911,88070.87877014303
2912,151438.2697956725
2913,87953.66858923435
2914,73587.58543346333
2915,73587.58543346333
2916,88068.74857842643
2917,161408.08299664734
2918,114149.02633447223
2919,238127.68600706267
